Id,SalePrice
1461,136375.892027369
1462,180567.05749491326
1463,142504.27718432134
1464,142504.27718432134
1465,179468.29882519724
1466,131856.73475651862
1467,172845.28019847817
1468,133292.6992465845
1469,180567.05749491326
1470,136375.892027369
1471,180567.05749491326
1472,111630.16634492573
1473,115003.41643235831
1474,134922.06180937667
1475,134245.4205974064
1476,301516.8893153528
1477,294834.44574620354
1478,247763.73543136517
1479,275084.2955718737
1480,383884.83813108166
1481,237686.96528467527
1482,180673.11799998957
1483,180567.05749491326
1484,166779.36785143675
1485,131137.7204753355
1486,134922.06180937667
1487,223941.68000279908
1488,220343.1307266045
1489,233802.31677508674
1490,210427.4548052349
1491,134446.39822697418
1492,152771.1618373574
1493,217212.95250098727
1494,175870.7585912147
1495,185554.94836030458
1496,217212.95250098727
1497,134245.4205974064
1498,115685.7261943897
1499,117044.6232860008
1500,117044.6232860008
1501,131137.7204753355
1502,115003.41643235831
1503,251144.35076505295
1504,147824.23717177333
1505,217212.95250098727
1506,291332.96894605947
1507,179468.29882519724
1508,179468.29882519724
1509,142504.27718432134
1510,174526.1131654319
1511,148996.64146994197
1512,216903.74357379036
1513,146893.33491835886
1514,186639.2781624795
1515,305368.5982665472
1516,152771.1618373574
1517,164749.06102797049
1518,220528.01479192145
1519,217212.95250098727
1520,166779.36785143675
1521,172845.28019847817
1522,219506.7827373273
1523,134245.4205974064
1524,154871.15049338486
1525,147824.23717177333
1526,148612.97262619922
1527,148612.97262619922
1528,134446.39822697418
1529,172213.42709163076
1530,185554.94836030458
1531,148665.566056697
1532,143539.11928669526
1533,180567.05749491326
1534,134446.39822697418
1535,152771.1618373574
1536,154871.15049338486
1537,134245.4205974064
1538,142504.27718432134
1539,167810.4352013638
1540,164749.06102797049
1541,135279.2586455074
1542,152771.1618373574
1543,169945.78251226427
1544,131856.73475651862
1545,117044.6232860008
1546,134922.06180937667
1547,145638.7792735646
1548,132602.6077924067
1549,115003.41643235831
1550,142504.27718432134
1551,155971.30045495913
1552,136375.892027369
1553,132602.6077924067
1554,123855.12422335299
1555,235266.5267648628
1556,118722.59501123516
1557,148996.64146994197
1558,117044.6232860008
1559,144888.69722983992
1560,129749.89695286835
1561,291332.96894605947
1562,136375.892027369
1563,134922.06180937667
1564,180673.11799998957
1565,130138.35963269621
1566,217212.95250098727
1567,131137.7204753355
1568,164749.06102797049
1569,154391.4107184493
1570,156503.5310072902
1571,172213.42709163076
1572,172213.42709163076
1573,245903.59558849764
1574,153956.68832297932
1575,191796.70706225527
1576,145638.7792735646
1577,173122.87284634207
1578,134446.39822697418
1579,147824.23717177333
1580,136375.892027369
1581,152771.1618373574
1582,136375.892027369
1583,308778.19071195624
1584,152659.53394520236
1585,134922.06180937667
1586,113138.76901203337
1587,133977.1334596947
1588,172845.28019847817
1589,133847.37192352294
1590,160978.12254058244
1591,145638.7792735646
1592,179932.92965079463
1593,134922.06180937667
1594,134922.06180937667
1595,136375.892027369
1596,174526.1131654319
1597,161660.28089837916
1598,136375.892027369
1599,152659.53394520236
1600,172845.28019847817
1601,117881.73469569892
1602,118722.59501123516
1603,145638.7792735646
1604,223941.68000279908
1605,152659.53394520236
1606,179468.29882519724
1607,225095.9153121234
1608,180567.05749491326
1609,233802.31677508674
1610,131137.7204753355
1611,176470.51063798592
1612,191796.70706225527
1613,180567.05749491326
1614,144888.69722983992
1615,115003.41643235831
1616,115003.41643235831
1617,115003.41643235831
1618,123295.99599674
1619,134245.4205974064
1620,173122.87284634207
1621,121015.26266954394
1622,134922.06180937667
1623,275084.2955718737
1624,167810.4352013638
1625,142178.1585118453
1626,194050.47064130806
1627,150275.9443882183
1628,156573.44251992798
1629,151026.026431943
1630,391506.09586388594
1631,217000.6072041018
1632,252667.6570744673
1633,136578.78273528485
1634,151026.026431943
1635,133609.09546075953
1636,177824.01086261985
1637,150275.9443882183
1638,172789.1658655055
1639,234588.59144035936
1640,219377.41084623296
1641,244572.32837487603
1642,158385.19891919516
1643,160790.10067101964
1644,150828.74927357593
1645,221614.64153784385
1646,170170.45766327626
1647,177824.01086261985
1648,146002.18485224765
1649,159551.34584707415
1650,140724.32829385297
1651,140724.32829385297
1652,119188.57169354457
1653,119188.57169354457
1654,140180.61111792913
1655,160310.36089608408
1656,140724.32829385297
1657,140180.61111792913
1658,140724.32829385297
1659,140047.6870818827
1660,170170.45766327626
1661,257642.05636795756
1662,241172.65194370114
1663,308289.99210406456
1664,391506.09586388594
1665,252667.6570744673
1666,254822.89303893625
1667,216861.12366763526
1668,270154.73867048265
1669,219377.41084623296
1670,271665.6577836302
1671,254822.89303893625
1672,400489.8488698128
1673,169866.87012278367
1674,220485.39488576635
1675,185211.60145277783
1676,184939.32428187356
1677,185211.60145277783
1678,400489.8488698128
1679,312706.05160320643
1680,381976.04627323843
1681,203814.25603389333
1682,246342.75561255473
1683,189441.76771952852
1684,135579.4218926456
1685,136578.78273528485
1686,178101.60351048375
1687,136578.78273528485
1688,141081.52512998367
1689,140724.32829385297
1690,140248.66471145046
1691,133609.09546075953
1692,142178.1585118453
1693,136578.78273528485
1694,140248.66471145046
1695,138404.87427688297
1696,178101.60351048375
1697,138404.87427688297
1698,210384.8348990798
1699,308289.99210406456
1700,166169.16829040315
1701,178101.60351048375
1702,244587.98221257667
1703,229226.38497393415
1704,244572.32837487603
1705,194050.47064130806
1706,400489.8488698128
1707,255728.2858446376
1708,189441.76771952852
1709,219377.41084623296
1710,203814.25603389333
1711,143538.62468848622
1712,379673.0358583407
1713,233376.14189215453
1714,219377.41084623296
1715,140248.66471145046
1716,178101.60351048375
1717,170170.45766327626
1718,174924.51317640598
1719,141081.52512998367
1720,216861.12366763526
1721,170170.45766327626
1722,170170.45766327626
1723,170170.45766327626
1724,274152.9654527602
1725,147020.66778837433
1726,140047.6870818827
1727,185211.60145277783
1728,136578.78273528485
1729,133609.09546075953
1730,151026.026431943
1731,151925.9109073321
1732,140724.32829385297
1733,140724.32829385297
1734,129142.53540827717
1735,145995.6716205704
1736,145995.6716205704
1737,308289.99210406456
1738,150828.74927357593
1739,185317.66195785414
1740,345117.7862382418
1741,180849.48925535637
1742,136578.78273528485
1743,133609.09546075953
1744,244587.98221257667
1745,252667.6570744673
1746,217170.33259483217
1747,184179.21019088692
1748,184179.21019088692
1749,185211.60145277783
1750,178101.60351048375
1751,185211.60145277783
1752,140724.32829385297
1753,176703.90662991148
1754,146002.18485224765
1755,185211.60145277783
1756,142178.1585118453
1757,140724.32829385297
1758,185317.66195785414
1759,249529.5388732258
1760,185211.60145277783
1761,148068.11956008695
1762,140248.66471145046
1763,219377.41084623296
1764,151026.026431943
1765,244587.98221257667
1766,203814.25603389333
1767,219377.41084623296
1768,172200.76448674253
1769,185211.60145277783
1770,154227.00970803696
1771,146634.03795909506
1772,186783.60773775014
1773,177824.01086261985
1774,292870.34466430586
1775,160790.10067101964
1776,170170.45766327626
1777,139649.63840799924
1778,158578.48412283714
1779,143261.218067855
1780,140180.61111792913
1781,177824.01086261985
1782,139649.63840799924
1783,129470.97828107403
1784,133609.09546075953
1785,162209.22758046526
1786,185211.60145277783
1787,147891.5243426997
1788,121229.77854718704
1789,140724.32829385297
1790,135579.4218926456
1791,179810.2259089657
1792,186783.60773775014
1793,158578.48412283714
1794,151026.026431943
1795,169866.87012278367
1796,172200.76448674253
1797,117559.6196966315
1798,158578.48412283714
1799,135579.4218926456
1800,177192.15775577247
1801,140047.6870818827
1802,134547.52644230137
1803,155827.67413969684
1804,148926.36644507368
1805,158578.48412283714
1806,140724.32829385297
1807,150828.74927357593
1808,140248.66471145046
1809,137297.797016468
1810,141081.52512998367
1811,167365.97747155424
1812,140180.61111792913
1813,137297.797016468
1814,117237.95421168895
1815,124064.44481387577
1816,139649.63840799924
1817,140047.6870818827
1818,166169.16829040315
1819,128605.31628890726
1820,140248.66471145046
1821,160841.89796237517
1822,138404.87427688297
1823,139649.63840799924
1824,194050.47064130806
1825,155827.67413969684
1826,140248.66471145046
1827,155827.67413969684
1828,155827.67413969684
1829,162209.22758046526
1830,159159.34709609454
1831,184179.21019088692
1832,165231.19747413095
1833,172200.76448674253
1834,136092.68581878557
1835,151925.9109073321
1836,177824.01086261985
1837,120083.88726523932
1838,136578.78273528485
1839,133609.09546075953
1840,177824.01086261985
1841,172789.1658655055
1842,132441.21864819812
1843,160310.36089608408
1844,158578.48412283714
1845,143538.62468848622
1846,140880.73056911008
1847,308289.99210406456
1848,128605.31628890726
1849,189441.76771952852
1850,162209.22758046526
1851,142178.1585118453
1852,166169.16829040315
1853,159159.34709609454
1854,160790.10067101964
1855,185211.60145277783
1856,163070.83110858194
1857,184179.21019088692
1858,170170.45766327626
1859,219377.41084623296
1860,179504.8438295736
1861,216861.12366763526
1862,177192.15775577247
1863,177192.15775577247
1864,177192.15775577247
1865,326158.47330925026
1866,246342.75561255473
1867,210384.8348990798
1868,288287.093697737
1869,184643.8410164843
1870,180849.48925535637
1871,216861.12366763526
1872,133609.09546075953
1873,150275.9443882183
1874,154227.00970803696
1875,204792.6845026657
1876,147891.5243426997
1877,203814.25603389333
1878,217170.33259483217
1879,143538.62468848622
1880,147020.66778837433
1881,220485.39488576635
1882,161890.2506325939
1883,140047.6870818827
1884,150275.9443882183
1885,216861.12366763526
1886,288287.093697737
1887,191552.34673913606
1888,220485.39488576635
1889,121229.77854718704
1890,172789.1658655055
1891,162209.22758046526
1892,142178.1585118453
1893,185317.66195785414
1894,234588.59144035936
1895,219377.41084623296
1896,140724.32829385297
1897,140047.6870818827
1898,125765.4547350982
1899,179504.8438295736
1900,125765.4547350982
1901,140047.6870818827
1902,184179.21019088692
1903,179810.2259089657
1904,170170.45766327626
1905,219377.41084623296
1906,154227.00970803696
1907,303619.60210904287
1908,119188.57169354457
1909,121229.77854718704
1910,121229.77854718704
1911,177192.15775577247
1912,312706.05160320643
1913,147891.5243426997
1914,121229.77854718704
1915,304229.97467162285
1916,116762.29062928646
1917,158578.48412283714
1918,147891.5243426997
1919,184179.21019088692
1920,176294.28151866083
1921,308289.99210406456
1922,221667.23719440447
1923,185317.66195785414
1924,217170.33259483217
1925,162209.22758046526
1926,308289.99210406456
1927,156573.44251992798
1928,189441.76771952852
1929,139649.63840799924
1930,166169.16829040315
1931,142178.1585118453
1932,125765.4547350982
1933,138404.87427688297
1934,150328.68957125623
1935,131402.5059178774
1936,150328.68957125623
1937,150328.68957125623
1938,190250.54573636642
1939,233220.74543535826
1940,185186.31120251157
1941,150328.68957125623
1942,142913.80513296986
1943,186020.37946961573
1944,177882.1544839493
1945,288540.7478656948
1946,220072.02951339592
1947,239995.18901851354
1948,220241.75490412628
1949,233879.59452346244
1950,182456.34231375228
1951,303960.39530545357
1952,250245.75368257373
1953,178514.0075907967
1954,185186.31120251157
1955,137510.94952944893
1956,192691.79975289167
1957,206548.67402088654
1958,180511.94484119824
1959,144367.6353509622
1960,124403.02865260787
1961,142913.80513296986
1962,121120.09933034792
1963,121120.09933034792
1964,127696.98237190154
1965,142913.80513296986
1966,161094.38558621425
1967,290728.80589439516
1968,412524.8996009007
1969,300713.7829949025
1970,288540.7478656948
1971,223346.20957404588
1972,192300.65740390416
1973,151258.3249728407
1974,177882.1544839493
1975,412524.8996009007
1976,222448.83315552707
1977,219932.54597692937
1978,268081.3648334909
1979,356191.08945801563
1980,186126.439974692
1981,332632.3060095725
1982,186020.37946961573
1983,186020.37946961573
1984,139229.32465327132
1985,206548.67402088654
1986,222448.83315552707
1987,240164.2237275057
1988,142438.14155056735
1989,142237.1639209996
1990,142913.80513296986
1991,243833.25676953548
1992,157732.4382393886
1993,135540.62309756287
1994,159449.31320924638
1995,143271.0019691006
1996,177882.1544839493
1997,222448.83315552707
1998,303960.39530545357
1999,162129.51491887792
2000,181856.59026698102
2001,170993.42235693295
2002,222535.58514046628
2003,186020.37946961573
2004,214363.56586991192
2005,207527.10248965892
2006,244858.04455661675
2007,226724.6474966673
2008,239478.60513358697
2009,142237.1639209996
2010,142237.1639209996
2011,177882.1544839493
2012,175614.5099045828
2013,138510.3103720882
2014,144367.6353509622
2015,142237.1639209996
2016,142438.14155056735
2017,142913.80513296986
2018,155386.00542749758
2019,142913.80513296986
2020,144367.6353509622
2021,118661.85815162347
2022,195189.92365506367
2023,156986.66985915747
2024,186126.439974692
2025,268081.3648334909
2026,180817.32692059033
2027,123161.3061839904
2028,135540.62309756287
2029,139229.32465327132
2030,223398.80523060652
2031,186114.6289056191
2032,192691.79975289167
2033,222448.83315552707
2034,132304.40105920698
2035,143271.0019691006
2036,151357.93431085345
2037,122442.24275568084
2038,213119.25288607302
2039,180817.32692059033
2040,222032.0788566514
2041,231459.15600364996
2042,151357.93431085345
2043,195431.46005016848
2044,248090.51771810482
2045,223346.20957404588
2046,171508.2959526579
2047,137510.94952944893
2048,150328.68957125623
2049,244952.3995168633
2050,142913.80513296986
2051,159256.0280056044
2052,140049.26320199537
2053,171297.00989742554
2054,119892.55197314717
2055,219932.54597692937
2056,186020.37946961573
2057,159449.31320924638
2058,170993.42235693295
2059,177882.1544839493
2060,199316.25963098285
2061,222448.83315552707
2062,170993.42235693295
2063,144367.6353509622
2064,173479.16259368235
2065,151357.93431085345
2066,253064.91701159504
2067,250245.75368257373
2068,268081.3648334909
2069,143271.0019691006
2070,138510.3103720882
2071,130536.84392571061
2072,181856.59026698102
2073,159449.31320924638
2074,186114.6289056191
2075,164410.24535644025
2076,144367.6353509622
2077,181856.59026698102
2078,159256.0280056044
2079,142438.14155056735
2080,155386.00542749758
2081,142913.80513296986
2082,254883.24026749612
2083,159256.0280056044
2084,142438.14155056735
2085,140049.26320199537
2086,171297.00989742554
2087,151258.3249728407
2088,131402.5059178774
2089,130536.84392571061
2090,137510.94952944893
2091,142438.14155056735
2092,167508.58253826146
2093,151357.93431085345
2094,159256.0280056044
2095,167592.13257710522
2096,144979.0388020008
2097,132304.40105920698
2098,145975.78991704274
2099,119892.55197314717
2100,222032.0788566514
2101,142438.14155056735
2102,137510.94952944893
2103,135540.62309756287
2104,186126.439974692
2105,144367.6353509622
2106,116667.96815322226
2107,186020.37946961573
2108,155386.00542749758
2109,167508.58253826146
2110,172890.7612149194
2111,178514.0075907967
2112,172890.7612149194
2113,142237.1639209996
2114,138024.2134555889
2115,159256.0280056044
2116,151258.3249728407
2117,142438.14155056735
2118,144367.6353509622
2119,159256.0280056044
2120,123161.3061839904
2121,118286.3577336068
2122,127696.98237190154
2123,142438.14155056735
2124,180817.32692059033
2125,180511.94484119824
2126,177882.1544839493
2127,180817.32692059033
2128,142438.14155056735
2129,139229.32465327132
2130,118741.71114183973
2131,148176.2819097539
2132,144367.6353509622
2133,159449.31320924638
2134,141026.49336786414
2135,116771.23919377723
2136,142438.14155056735
2137,161094.38558621425
2138,163548.64182832357
2139,168023.2333616158
2140,156986.66985915747
2141,159449.31320924638
2142,163548.64182832357
2143,171297.00989742554
2144,171297.00989742554
2145,151357.93431085345
2146,178514.0075907967
2147,241765.61625619224
2148,142913.80513296986
2149,145975.78991704274
2150,222448.83315552707
2151,125995.97245067911
2152,219932.54597692937
2153,219932.54597692937
2154,142913.80513296986
2155,127696.98237190154
2156,167508.58253826146
2157,223346.20957404588
2158,168492.5297057035
2159,185650.94202810896
2160,183184.57761322559
2161,223346.20957404588
2162,308376.4548045953
2163,329438.69785624195
2164,219932.54597692937
2165,224418.90544572752
2166,155386.00542749758
2167,192691.79975289167
2168,143271.0019691006
2169,140336.4019136863
2170,150328.68957125623
2171,177882.1544839493
2172,163548.64182832357
2173,222448.83315552707
2174,185650.94202810896
2175,186126.439974692
2176,253064.91701159504
2177,171297.00989742554
2178,144367.6353509622
2179,142913.80513296986
2180,284702.8007475977
2181,206548.67402088654
2182,222448.83315552707
2183,186020.37946961573
2184,137950.48092457937
2185,159449.31320924638
2186,171297.00989742554
2187,171297.00989742554
2188,132304.40105920698
2189,403541.14659497386
2190,173479.16259368235
2191,173479.16259368235
2192,140336.4019136863
2193,123161.3061839904
2194,150328.68957125623
2195,150328.68957125623
2196,178514.0075907967
2197,151258.3249728407
2198,192691.79975289167
2199,151357.93431085345
2200,130536.84392571061
2201,131402.5059178774
2202,141839.11524711613
2203,142438.14155056735
2204,183772.2182091495
2205,150328.68957125623
2206,167508.58253826146
2207,154095.80971517376
2208,179108.7045221084
2209,288540.7478656948
2210,121120.09933034792
2211,150328.68957125623
2212,139229.32465327132
2213,140336.4019136863
2214,167508.58253826146
2215,148432.8368491269
2216,173479.16259368235
2217,137510.94952944893
2218,142438.14155056735
2219,130536.84392571061
2220,119892.55197314717
2221,297459.04659324384
2222,224418.90544572752
2223,303960.39530545357
2224,147198.7941865134
2225,151058.6427726665
2226,233879.59452346244
2227,219932.54597692937
2228,222448.83315552707
2229,211227.32205667795
2230,135540.62309756287
2231,198665.36953111773
2232,220241.75490412628
2233,181856.59026698102
2234,199316.25963098285
2235,231459.15600364996
2236,244952.3995168633
2237,300713.7829949025
2238,186020.37946961573
2239,167508.58253826146
2240,178514.0075907967
2241,142069.4689601184
2242,159449.31320924638
2243,150328.68957125623
2244,121120.09933034792
2245,121120.09933034792
2246,175614.5099045828
2247,121120.09933034792
2248,142438.14155056735
2249,142913.80513296986
2250,144367.6353509622
2251,173479.16259368235
2252,221366.15941313305
2253,137716.62666829172
2254,147854.0468148099
2255,148783.68221639437
2256,135195.78873894573
2257,148883.29155440713
2258,178261.76791386554
2259,144724.15143006708
2260,170710.2300663994
2261,177629.91480701815
2262,185102.74989483526
2263,175902.24180133553
2264,362283.00835749076
2265,191911.51934970342
2266,221551.04347845
2267,318235.99109517055
2268,366810.3717414978
2269,145815.24002700593
2270,136717.26582565243
2271,231326.17650937397
2272,165676.69572838835
2273,177629.91480701815
2274,185102.74989483526
2275,178856.46484517722
2276,185102.74989483526
2277,163516.32936283934
2278,191911.51934970342
2279,146983.19026048452
2280,146983.19026048452
2281,185102.74989483526
2282,185102.74989483526
2283,122193.32865779327
2284,130192.00956709345
2285,159878.8413914897
2286,152911.36267105126
2287,328315.5374982647
2288,309091.4487526978
2289,369737.0520340301
2290,363563.7594309468
2291,232872.31009807903
2292,306279.3278051171
2293,258579.8770024891
2294,240626.35963415
2295,362283.00835749076
2296,278676.7707809878
2297,212155.98973340556
2298,253743.9836454539
2299,240626.35963415
2300,178856.46484517722
2301,203246.09643067754
2302,222680.29013052752
2303,240626.35963415
2304,238932.41359029833
2305,238932.41359029833
2306,184733.31245332846
2307,185346.15957150378
2308,223458.61107140937
2309,221782.9137120087
2310,240199.5410105109
2311,189470.26533317816
2312,193230.9966419835
2313,138435.64094947482
2314,179483.09587858792
2315,191073.66496909046
2316,189046.56668722723
2317,185102.74989483526
2318,191714.680975575
2319,190015.52667099136
2320,238598.5099797249
2321,221366.15941313305
2322,240239.2362470969
2323,170710.2300663994
2324,137716.62666829172
2325,278590.0187960486
2326,137716.62666829172
2327,142160.1807466665
2328,142160.1807466665
2329,148584.00001622018
2330,148883.29155440713
2331,249106.4970605315
2332,231910.92809813627
2333,191520.3770007159
2334,170099.50636333204
2335,170099.50636333204
2336,185102.74989483526
2337,240753.6232765578
2338,278590.0187960486
2339,221782.9137120087
2340,363563.7594309468
2341,278590.0187960486
2342,221782.9137120087
2343,219656.52515819095
2344,151621.16695872744
2345,184733.31245332846
2346,240199.5410105109
2347,240199.5410105109
2348,203246.09643067754
2349,190015.52667099136
2350,212155.98973340556
2351,278676.7707809878
2352,233672.51752984457
2353,175342.41931349642
2354,228463.0766441291
2355,172637.13901363307
2356,166614.66654466055
2357,219965.7340853879
2358,147854.0468148099
2359,127352.1480132844
2360,143287.49148816182
2361,158233.76901452185
2362,184934.0715255804
2363,158233.76901452185
2364,159878.8413914897
2365,186812.10535139978
2366,232872.31009807903
2367,278590.0187960486
2368,240199.5410105109
2369,278590.0187960486
2370,138435.64094947482
2371,138435.64094947482
2372,146771.69144722234
2373,162333.097633599
2374,178856.46484517722
2375,219965.7340853879
2376,318235.99109517055
2377,437677.1957930244
2378,171546.4925955306
2379,189470.26533317816
2380,163516.32936283934
2381,184733.31245332846
2382,221551.04347845
2383,221366.15941313305
2384,166614.66654466055
2385,166614.66654466055
2386,132092.14352046573
2387,170099.50636333204
2388,178856.46484517722
2389,162333.097633599
2390,176567.2308596643
2391,148883.29155440713
2392,143287.49148816182
2393,176567.2308596643
2394,158233.76901452185
2395,142160.1807466665
2396,185346.15957150378
2397,225268.23862312885
2398,144451.20514843706
2399,130192.00956709345
2400,120965.78130059253
2401,118416.4527702672
2402,173225.540392396
2403,221782.9137120087
2404,184934.0715255804
2405,181604.35059004987
2406,148584.00001622018
2407,156516.89404466405
2408,159878.8413914897
2409,172637.13901363307
2410,240626.35963415
2411,147854.0468148099
2412,152352.1808338061
2413,178856.46484517722
2414,173225.540392396
2415,221782.9137120087
2416,148783.68221639437
2417,158233.76901452185
2418,147854.0468148099
2419,158233.76901452185
2420,147854.0468148099
2421,223752.98600220916
2422,147854.0468148099
2423,154453.72555519704
2424,178856.46484517722
2425,185028.79571871774
2426,142160.1807466665
2427,137716.62666829172
2428,158233.76901452185
2429,119745.65279766568
2430,148883.29155440713
2431,180565.08724365916
2432,158233.76901452185
2433,177629.91480701815
2434,180565.08724365916
2435,185346.15957150378
2436,147854.0468148099
2437,142160.1807466665
2438,148584.00001622018
2439,148883.29155440713
2440,142190.8581063002
2441,158040.48381087987
2442,148686.01439604006
2443,162333.097633599
2444,131057.67155926024
2445,128708.4413585517
2446,173225.540392396
2447,144451.20514843706
2448,146983.19026048452
2449,126066.25232763955
2450,154453.72555519704
2451,134027.91192638432
2452,185196.99933083862
2453,148686.01439604006
2454,186812.10535139978
2455,147854.0468148099
2456,144724.15143006708
2457,134604.06588305437
2458,123231.58606095082
2459,143287.49148816182
2460,142160.1807466665
2461,143454.4540333951
2462,158040.48381087987
2463,144451.20514843706
2464,167598.6137121026
2465,137716.62666829172
2466,136870.98930718694
2467,130192.00956709345
2468,147854.0468148099
2469,148686.01439604006
2470,219656.52515819095
2471,149746.4284999864
2472,170710.2300663994
2473,118215.47514069943
2474,118649.01941580407
2475,182204.1026368211
2476,139582.77752738295
2477,154453.72555519704
2478,206272.65320214813
2479,155838.87071142244
2480,158040.48381087987
2481,158233.76901452185
2482,142190.8581063002
2483,143454.4540333951
2484,148740.1400853034
2485,145958.19409268058
2486,185346.15957150378
2487,221782.9137120087
2488,141085.49086081277
2489,184733.31245332846
2490,185570.3817439731
2491,154453.72555519704
2492,221782.9137120087
2493,185102.74989483526
2494,173667.04525242458
2495,180565.08724365916
2496,437677.1957930244
2497,152911.36267105126
2498,142160.1807466665
2499,148740.1400853034
2500,158233.76901452185
2501,185102.74989483526
2502,163516.32936283934
2503,152911.36267105126
2504,170099.50636333204
2505,155753.0348123618
2506,287523.56568588945
2507,369737.0520340301
2508,287523.56568588945
2509,221782.9137120087
2510,219656.52515819095
2511,184934.0715255804
2512,143287.49148816182
2513,148740.1400853034
2514,246951.26109606258
2515,158040.48381087987
2516,127352.1480132844
2517,152911.36267105126
2518,167598.6137121026
2519,152911.36267105126
2520,142160.1807466665
2521,142160.1807466665
2522,152911.36267105126
2523,143287.49148816182
2524,158040.48381087987
2525,156516.89404466405
2526,158233.76901452185
2527,144451.20514843706
2528,168429.46480395374
2529,142160.1807466665
2530,143287.49148816182
2531,231910.92809813627
2532,154453.72555519704
2533,142160.1807466665
2534,221366.15941313305
2535,221782.9137120087
2536,178261.76791386554
2537,185102.74989483526
2538,191073.66496909046
2539,178261.76791386554
2540,240199.5410105109
2541,137230.52975179243
2542,138435.64094947482
2543,148584.00001622018
2544,135157.486590274
2545,143454.4540333951
2546,177629.91480701815
2547,158233.76901452185
2548,167598.6137121026
2549,136717.26582565243
2550,258579.8770024891
2551,162333.097633599
2552,148883.29155440713
2553,173225.540392396
2554,178261.76791386554
2555,137230.52975179243
2556,138435.64094947482
2557,118892.1163526697
2558,184733.31245332846
2559,191911.51934970342
2560,138435.64094947482
2561,123231.58606095082
2562,138766.86482556106
2563,134027.91192638432
2564,142190.8581063002
2565,180259.70516426707
2566,180259.70516426707
2567,138435.64094947482
2568,221782.9137120087
2569,221641.43144478856
2570,122193.32865779327
2571,233672.51752984457
2572,158040.48381087987
2573,238871.58623417193
2574,428151.7876513038
2575,136717.26582565243
2576,148584.00001622018
2577,148740.1400853034
2578,141684.517164264
2579,127352.1480132844
2580,158233.76901452185
2581,162333.097633599
2582,154453.72555519704
2583,283285.8114712021
2584,184733.31245332846
2585,189470.26533317816
2586,191520.3770007159
2587,219796.00869465753
2588,147854.0468148099
2589,158040.48381087987
2590,219656.52515819095
2591,318235.99109517055
2592,301866.9034690862
2593,278590.0187960486
2594,180565.08724365916
2595,185196.99933083862
2596,301608.93781009543
2597,219965.7340853879
2598,172637.13901363307
2599,328315.5374982647
2600,306279.3278051171
2601,148584.00001622018
2602,122193.32865779327
2603,122193.32865779327
2604,122193.32865779327
2605,112760.4407337709
2606,156516.89404466405
2607,185102.74989483526
2608,231910.92809813627
2609,135195.78873894573
2610,141085.49086081277
2611,173113.28220477523
2612,177629.91480701815
2613,141684.517164264
2614,143287.49148816182
2615,182822.48187076254
2616,156624.8896959029
2617,247870.18049984903
2618,187559.4347506122
2619,280955.591678869
2620,141203.94458433602
2621,139155.93838498657
2622,141203.94458433602
2623,160917.50351862208
2624,304991.08058021276
2625,295486.3118368293
2626,175719.0842244522
2627,176350.9373312996
2628,254465.56554137665
2629,274479.0171684659
2630,233450.6195524548
2631,351412.327313524
2632,250890.33807393268
2633,238611.20656308645
2634,295486.3118368293
2635,165687.78312953666
2636,147310.37192462772
2637,162100.73524786238
2638,217968.27957996138
2639,168188.67578076612
2640,165687.78312953666
2641,142383.2612326122
2642,190000.68876713747
2643,121766.48951539688
2644,138008.80180707845
2645,121766.48951539688
2646,121766.48951539688
2647,121766.48951539688
2648,160598.52657075072
2649,187559.4347506122
2650,158463.24727651273
2651,141679.60816673853
2652,309871.4122400399
2653,221467.62180661928
2654,309871.4122400399
2655,280955.591678869
2656,235614.6037607403
2657,279174.80984361947
2658,241919.33236817553
2659,230385.6734356761
2660,274479.0171684659
2661,314684.39818500774
2662,247091.34398946795
2663,192157.0431687153
2664,220570.2453881005
2665,297766.5352966012
2666,290698.14478820586
2667,192235.84056934773
2668,193293.97886744683
2669,245187.0839188366
2670,230385.6734356761
2671,193293.97886744683
2672,245741.1661848835
2673,218443.85683428275
2674,220570.2453881005
2675,236885.20080360642
2676,141679.60816673853
2677,155087.1258839884
2678,233211.7815272615
2679,162100.73524786238
2680,176350.9373312996
2681,220570.2453881005
2682,183191.9193122693
2683,290815.92184180755
2684,183117.96513615182
2685,220570.2453881005
2686,235614.6037607403
2687,290699.02029072994
2688,272181.4155412462
2689,244865.76987908458
2690,368876.10458833014
2691,141679.60816673853
2692,170726.30843106713
2693,250890.33807393268
2694,235614.6037607403
2695,142383.2612326122
2696,141203.94458433602
2697,147154.2318555445
2698,141679.60816673853
2699,187559.4347506122
2700,176945.6342626113
2701,126925.308870888
2702,151481.59451037558
2703,183023.24094301448
2704,176350.9373312996
2705,151481.59451037558
2706,119515.84953980366
2707,146673.2515364016
2708,156624.8896959029
2709,145053.96383713098
2710,147154.2318555445
2711,307442.9751268827
2712,218443.85683428275
2713,170726.30843106713
2714,121766.48951539688
2715,138008.80180707845
2716,121766.48951539688
2717,141679.60816673853
2718,220570.2453881005
2719,176350.9373312996
2720,183191.9193122693
2721,157791.0366237819
2722,142383.2612326122
2723,148316.66033931074
2724,142550.2237778455
2725,157791.0366237819
2726,168799.39948383346
2727,220570.2453881005
2728,218753.06576147967
2729,136290.42668325605
2730,178654.25666109324
2731,141203.94458433602
2732,156818.1748995449
2733,192808.07508735798
2734,221467.62180661928
2735,176945.6342626113
2736,156624.8896959029
2737,147154.2318555445
2738,220656.99737303972
2739,178654.25666109324
2740,155087.1258839884
2741,183435.32898893784
2742,183191.9193122693
2743,183435.32898893784
2744,168799.39948383346
2745,157791.0366237819
2746,155087.1258839884
2747,220570.2453881005
2748,170726.30843106713
2749,154409.1025507468
2750,158463.24727651273
2751,142383.2612326122
2752,235199.04958908766
2753,187559.4347506122
2754,187559.4347506122
2755,142550.2237778455
2756,134768.94959654933
2757,134768.94959654933
2758,120538.94215819612
2759,139155.93838498657
2760,124873.27082647217
2761,170726.30843106713
2762,176350.9373312996
2763,247091.34398946795
2764,218583.3403707493
2765,280955.591678869
2766,143819.92117451748
2767,156818.1748995449
2768,220570.2453881005
2769,171314.7098098301
2770,156818.1748995449
2771,141679.60816673853
2772,156624.8896959029
2773,155087.1258839884
2774,178348.87458170112
2775,171314.7098098301
2776,147154.2318555445
2777,141679.60816673853
2778,121766.48951539688
2779,162100.73524786238
2780,129610.01132030043
2781,141679.60816673853
2782,118990.07806452125
2783,134768.94959654933
2784,147453.52339373148
2785,141203.94458433602
2786,121766.48951539688
2787,142383.2612326122
2788,141002.96695476826
2789,178348.87458170112
2790,126925.308870888
2791,147453.52339373148
2792,125959.63129002717
2793,156624.8896959029
2794,134993.74889677003
2795,136803.69060939603
2796,141203.94458433602
2797,220338.3751545418
2798,141002.96695476826
2799,129765.17042469708
2800,141203.94458433602
2801,153286.50078099436
2802,162100.73524786238
2803,290815.92184180755
2804,221520.21746317993
2805,156818.1748995449
2806,142383.2612326122
2807,160917.50351862208
2808,159498.37660917643
2809,146673.2515364016
2810,159498.37660917643
2811,205159.05372274027
2812,156818.1748995449
2813,292239.69952627824
2814,292239.69952627824
2815,141710.28552637223
2816,280091.6366781512
2817,153023.9573945214
2818,141203.94458433602
2819,142383.2612326122
2820,183191.9193122693
2821,140604.9182808848
2822,183191.9193122693
2823,280091.6366781512
2824,220570.2453881005
2825,218753.06576147967
2826,159498.37660917643
2827,160598.52657075072
2828,183191.9193122693
2829,196934.41106327716
2830,244962.02341704097
2831,176350.9373312996
2832,343832.2966964594
2833,275277.3378226391
2834,216538.4691745677
2835,221467.62180661928
2836,139155.93838498657
2837,149640.55076307332
2838,165687.78312953666
2839,140604.9182808848
2840,192157.0431687153
2841,141679.60816673853
2842,147453.52339373148
2843,133601.07278398794
2844,183023.24094301448
2845,141679.60816673853
2846,142383.2612326122
2847,141002.96695476826
2848,183191.9193122693
2849,141710.28552637223
2850,165199.0724296836
2851,159498.37660917643
2852,160598.52657075072
2853,147453.52339373148
2854,141679.60816673853
2855,187559.4347506122
2856,203805.45908772072
2857,139155.93838498657
2858,245187.0839188366
2859,138008.80180707845
2860,156624.8896959029
2861,175719.0842244522
2862,141203.94458433602
2863,145802.39498207622
2864,138329.21562986923
2865,232878.18754006387
2866,147256.2462353644
2867,126925.308870888
2868,141679.60816673853
2869,165199.0724296836
2870,218753.06576147967
2871,122135.3954221519
2872,113864.16075696457
2873,158463.24727651273
2874,159498.37660917643
2875,141203.94458433602
2876,137289.7875258953
2877,137289.7875258953
2878,141203.94458433602
2879,153023.9573945214
2880,141203.94458433602
2881,147154.2318555445
2882,168799.39948383346
2883,168799.39948383346
2884,147453.52339373148
2885,168188.67578076612
2886,183023.24094301448
2887,148316.66033931074
2888,141679.60816673853
2889,129765.17042469708
2890,126925.308870888
2891,147256.2462353644
2892,136290.42668325605
2893,159498.37660917643
2894,122804.74691855443
2895,312026.6482045089
2896,222540.31767830095
2897,221467.62180661928
2898,229311.02343831043
2899,218753.06576147967
2900,176350.9373312996
2901,224055.57029922065
2902,187559.4347506122
2903,365629.49227777915
2904,343832.2966964594
2905,220153.49108922484
2906,183435.32898893784
2907,125639.41318524315
2908,142383.2612326122
2909,224055.57029922065
2910,126925.308870888
2911,121766.48951539688
2912,183191.9193122693
2913,121766.48951539688
2914,121766.48951539688
2915,121766.48951539688
2916,121766.48951539688
2917,176945.6342626113
2918,147256.2462353644
2919,153023.9573945214
