Id,SalePrice
1461,131675.08915899604
1462,145890.42103255872
1463,175522.62728487916
1464,176830.83449583707
1465,190344.9432037816
1466,186730.38120562624
1467,165253.2971759823
1468,168180.9849303513
1469,182532.7619059294
1470,120382.62437066951
1471,186585.28845402968
1472,94678.92007811136
1473,94414.95852454193
1474,139073.03127466748
1475,131539.18268632705
1476,389636.46905657125
1477,252006.8118975124
1478,331012.6403605651
1479,283726.6868062875
1480,446304.895933475
1481,317460.5088912596
1482,214516.92793443182
1483,169793.75166837586
1484,159954.00576290445
1485,169161.143893765
1486,209706.59886715014
1487,372839.6309455655
1488,264216.5667531383
1489,217545.70526955696
1490,194983.1160599204
1491,192917.14827735964
1492,105636.89847198165
1493,182871.96551095427
1494,295314.2937905412
1495,282880.59065907536
1496,211602.80264414076
1497,200342.32511120057
1498,144063.00198401458
1499,150457.16950475544
1500,141709.61635153828
1501,163307.897928084
1502,153267.097434342
1503,261932.4050323585
1504,237637.69942527186
1505,215514.95136071893
1506,192009.66349250125
1507,235357.71230513862
1508,175766.39481742936
1509,163799.86810319452
1510,145808.41747999832
1511,140010.10645112273
1512,166555.6094171996
1513,141463.94729963405
1514,123561.07081504259
1515,193071.63887163752
1516,141830.39590635203
1517,156388.2837927846
1518,142951.0327275929
1519,196770.8187825339
1520,135676.77390560159
1521,139042.12219165327
1522,176572.5133255422
1523,118190.40035514222
1524,131384.67644138966
1525,124182.39047984873
1526,119072.43944545
1527,109392.39146922776
1528,129339.09111929059
1529,143872.49648573686
1530,173999.75736239518
1531,137031.08792150774
1532,107291.75132006666
1533,141008.53571775916
1534,121690.63212824528
1535,143178.94535324562
1536,112591.83632663425
1537,81663.06288859584
1538,146126.3892119571
1539,189659.49214481268
1540,115223.85202337628
1541,130526.17805703195
1542,133180.02202715195
1543,205718.99642964892
1544,92980.13590146939
1545,111613.903466654
1546,138226.84433403963
1547,139022.15476496832
1548,136331.57627354865
1549,118000.039465273
1550,133948.19173922073
1551,115331.665970335
1552,144781.2036635002
1553,130867.33607535834
1554,116005.4363422987
1555,213129.53659559353
1556,88270.98755126874
1557,95901.85606763411
1558,93583.43056539547
1559,104617.06016250733
1560,154057.91647121994
1561,119624.30139094903
1562,124031.0668739544
1563,111671.96864555238
1564,168690.06447696523
1565,138917.85715423126
1566,267546.96433061437
1567,74330.58799072122
1568,188949.59191268464
1569,117586.88082271523
1570,145315.64078053753
1571,120071.79028732047
1572,137677.44225605758
1573,223462.36731832172
1574,93048.88623651856
1575,209141.19468368334
1576,231193.5973233889
1577,199764.74916050848
1578,147242.86458518467
1579,159288.21497813246
1580,198688.2590792663
1581,146646.1299497208
1582,128878.67386365806
1583,295527.1913309083
1584,230304.67593488446
1585,139153.71803873073
1586,77864.26833449866
1587,111004.06981232048
1588,136308.57045024371
1589,103916.50816465406
1590,131827.48839389894
1591,99546.6334065589
1592,129557.45776558254
1593,122759.97288145097
1594,175415.21253839482
1595,115638.00156706254
1596,229749.52004901474
1597,168297.55243701188
1598,198398.8844768978
1599,191910.66725219833
1600,184332.70367345007
1601,61053.966237183166
1602,101104.57259786385
1603,104508.3220126016
1604,254789.19039822934
1605,230246.50976752315
1606,169972.4611721586
1607,153944.98591616203
1608,199225.7584058166
1609,212924.13276179254
1610,163813.11781119215
1611,151512.77126832568
1612,177353.55831267836
1613,173092.80317926416
1614,124298.76636612756
1615,84329.90162535015
1616,62708.62670535692
1617,88409.9505444194
1618,115896.23206278401
1619,136634.5172724257
1620,160249.8381195028
1621,135763.39180504953
1622,134415.33511981
1623,266130.8632659397
1624,186802.8625335231
1625,117070.20799766417
1626,168749.52882626053
1627,175379.40591701627
1628,275449.78055630036
1629,182613.60594878698
1630,371789.7078795652
1631,217021.52737030791
1632,253271.9186829091
1633,169249.9236879978
1634,171862.1670781079
1635,172074.61240601167
1636,158186.1483886495
1637,190573.78047633648
1638,212966.79595629527
1639,187039.2885339089
1640,279826.194560224
1641,189435.05070629562
1642,222900.58171877838
1643,237484.91644729226
1644,237094.89018750656
1645,202895.75179785222
1646,159287.61446303263
1647,166277.09694921892
1648,139500.46072438383
1649,139115.04103151138
1650,116592.87774771286
1651,124002.90458587355
1652,95310.99010445549
1653,100164.33179387316
1654,143798.14975696828
1655,145146.095717986
1656,134074.370379909
1657,139507.38685939988
1658,137813.86599966607
1659,130218.36857711055
1660,161922.52179987126
1661,455375.2616310478
1662,421580.76275513135
1663,364860.02845432935
1664,466000.92169424944
1665,349917.13105661626
1666,332936.8440129011
1667,337812.08199496893
1668,368791.60486915347
1669,304190.0530661661
1670,357694.9454133166
1671,239098.2079305582
1672,407952.89518668083
1673,313107.9198872732
1674,269256.26251409005
1675,179375.506173659
1676,187266.4544531087
1677,196062.87192851628
1678,406250.93327822327
1679,351331.42448501464
1680,344566.3682852618
1681,261054.6282588283
1682,275770.32752236695
1683,184823.6160171693
1684,179684.37785176764
1685,173035.84097837418
1686,167955.4187348757
1687,169161.143893765
1688,194863.24542748916
1689,189617.2704824185
1690,175439.03104825187
1691,167884.5585769593
1692,252980.8255098742
1693,161968.08627879346
1694,169763.42873931938
1695,172274.0229533549
1696,260906.38887466153
1697,173248.79994529663
1698,375814.1250667781
1699,391802.13960825995
1700,236190.97780358617
1701,257986.653240456
1702,266693.68778768065
1703,282624.27740875713
1704,281885.05249635316
1705,224953.55891854595
1706,417271.2655708134
1707,231830.54622522346
1708,212974.20098173435
1709,306121.23455374065
1710,234948.07325015153
1711,248672.24378686497
1712,287674.59727597266
1713,228826.4742797293
1714,212605.66135767527
1715,209116.0299445539
1716,186996.01397420146
1717,173389.46057265808
1718,142624.136013415
1719,209448.32420305157
1720,234955.6093195778
1721,169633.468217845
1722,138851.5777308646
1723,150468.53700197238
1724,229625.03383703914
1725,239414.64409753087
1726,195544.9459806
1727,169700.14189643535
1728,187777.76194471633
1729,167102.45918036564
1730,199923.2904911422
1731,122414.38223917704
1732,128004.59796275539
1733,117371.82921430239
1734,118311.3475241419
1735,135002.64296977577
1736,124066.99908427824
1737,394832.9294237959
1738,216793.92041395738
1739,349578.0635057448
1740,243296.38333863558
1741,183293.652851582
1742,163307.897928084
1743,173073.74477817115
1744,309298.57558787946
1745,239599.39556399322
1746,275814.8893498895
1747,221676.5057851085
1748,238539.61145622103
1749,160111.86299472116
1750,142602.6358778909
1751,249259.520821876
1752,119729.68110607562
1753,141215.5921412321
1754,195195.9225758413
1755,172787.32082482308
1756,123649.09455220657
1757,123278.74334909473
1758,160598.3981180219
1759,164697.3526224293
1760,162378.406972344
1761,144450.353691635
1762,188247.3105961547
1763,178303.49234682418
1764,121513.12130369812
1765,161945.22627735004
1766,172099.2864613468
1767,202306.05057528114
1768,143444.02046746016
1769,184098.98428918663
1770,141537.75721397047
1771,134036.48932232213
1772,135037.47064585777
1773,138954.08383611694
1774,131250.15357290444
1775,138820.7363810621
1776,118340.87506407124
1777,102655.27847738613
1778,134185.64822159428
1779,132797.3703876871
1780,167577.65054662246
1781,133959.0104871639
1782,98260.39774792346
1783,130476.3347356878
1784,97287.12503766423
1785,115601.34503159774
1786,120913.03584766312
1787,153419.9951077947
1788,62184.379154988346
1789,113078.61874031748
1790,70934.15956160765
1791,195485.05857157454
1792,155760.60150806562
1793,134218.07451938483
1794,140771.22092540824
1795,133353.02815634818
1796,143244.7263912644
1797,133858.007223177
1798,132913.0079162211
1799,113125.19250686534
1800,138178.9135415716
1801,127102.29846236898
1802,137178.78957322447
1803,153973.8368264867
1804,139756.83824571525
1805,140379.7539274696
1806,128087.67379616626
1807,112697.6830217477
1808,125493.44557658953
1809,119483.53828966596
1810,132512.60549307123
1811,109577.40357253424
1812,99086.6234112718
1813,125086.23922712248
1814,90973.07450245615
1815,63326.377732043955
1816,106602.541436599
1817,94842.98342022943
1818,150077.6083635672
1819,119258.37950137531
1820,67360.59303616121
1821,108465.07470602891
1822,123528.38814673031
1823,55214.59146159371
1824,139524.92448897896
1825,151978.13109123267
1826,102165.3904939144
1827,102979.09994297479
1828,139333.96109174128
1829,121724.74393931728
1830,129055.68243912159
1831,157541.53627156338
1832,108786.65476420747
1833,148946.24628649413
1834,125074.230210201
1835,121812.49736400435
1836,136946.29259965938
1837,86345.54754971561
1838,124143.02732498465
1839,93523.97868281121
1840,136178.53673455204
1841,124376.48423729473
1842,74506.39530147307
1843,140975.1850876078
1844,135425.42786394112
1845,127777.63491924026
1846,137027.78001013462
1847,201320.0040620711
1848,60537.8074136215
1849,128178.132062307
1850,123273.1081316621
1851,152626.62498317688
1852,130123.73494492013
1853,122822.06503934917
1854,171790.37371584805
1855,166975.36247771655
1856,206109.21684290215
1857,199434.29914243356
1858,161320.56182828208
1859,136933.63122676272
1860,147953.5105723675
1861,137794.80682546817
1862,309723.4354933667
1863,309723.4354933667
1864,309723.4354933667
1865,319922.8170041676
1866,335920.0029191956
1867,263679.0686127485
1868,280202.4152624034
1869,195313.15708310288
1870,225038.8137589455
1871,259572.00871098478
1872,166834.05493377632
1873,208331.40022378735
1874,154371.76617747493
1875,203345.47303002968
1876,191225.23597269255
1877,203070.463845108
1878,209626.39469151996
1879,127845.2340690037
1880,144276.55206654908
1881,219601.38367580462
1882,265251.9064399542
1883,211486.08592466067
1884,221085.10372486396
1885,233149.34074125916
1886,257775.92157370457
1887,195470.64179147687
1888,265634.1519141603
1889,172757.53705621007
1890,127400.24399969456
1891,148060.78604237907
1892,102851.31435044765
1893,132346.81579759036
1894,116998.87296512324
1895,145058.0415827145
1896,124791.8177825619
1897,116175.92118877807
1898,119961.07978421371
1899,165338.63856499814
1900,155368.8798364402
1901,174361.73140594526
1902,129324.01002867092
1903,230181.5800647055
1904,148734.2797217783
1905,194130.86309957027
1906,161406.8176151302
1907,213280.4792490142
1908,124522.90240177503
1909,133955.41884926037
1910,134651.43907245484
1911,200532.05885332372
1912,301685.0810688401
1913,138680.5376470638
1914,71185.46254284093
1915,269827.7603212531
1916,63299.914746894516
1917,241594.04105240892
1918,135434.68784288078
1919,187853.11174009237
1920,156427.7486211635
1921,370705.38226363703
1922,280731.5502207172
1923,232119.1927475387
1924,205516.00243021865
1925,228438.86023486624
1926,363697.0101238142
1927,138380.57691432125
1928,151942.05354920152
1929,127850.79939436208
1930,151732.27398531497
1931,150682.49650531472
1932,132705.53914287337
1933,194939.84453602735
1934,174398.6063510886
1935,177402.65493203248
1936,171973.5632646355
1937,178550.4009650904
1938,164327.6146318012
1939,271451.33798399376
1940,190344.9432037816
1941,176971.45570318084
1942,179802.319095666
1943,190866.68620788568
1944,316766.76593954
1945,359176.0807853528
1946,156068.65784984297
1947,300032.117355169
1948,170531.37246474362
1949,217298.45578555457
1950,183089.11029021812
1951,252018.83882502615
1952,218470.95197691472
1953,159128.5490334806
1954,207908.2840322852
1955,128180.526112209
1956,313630.2991860507
1957,166796.7035301566
1958,296322.33293258527
1959,138362.41807573717
1960,117733.22344031208
1961,119819.98662415783
1962,95310.99010445549
1963,100627.9686223735
1964,102700.97834910116
1965,135794.44138760367
1966,145414.19117430475
1967,258651.46452695125
1968,352601.4774554234
1969,354136.8836995425
1970,452975.900199575
1971,447513.22979809134
1972,390686.64173887484
1973,263435.26311949507
1974,302196.85396697186
1975,460465.0593582144
1976,268035.66072619054
1977,348420.2454524037
1978,393860.93397203705
1979,387163.2451898778
1980,193970.71722333308
1981,342547.5073242056
1982,228086.71687466625
1983,227083.06977729854
1984,173784.34271244236
1985,200329.40118385406
1986,208518.98353769263
1987,180035.79226124578
1988,172773.29353685683
1989,201547.8847741611
1990,225745.61477355708
1991,212451.53864485098
1992,212367.7237258611
1993,173773.09907542737
1994,244320.36476708698
1995,197334.62923058268
1996,250237.0178846366
1997,349763.2390687867
1998,360897.70199731895
1999,265589.9370230101
2000,319175.53060537716
2001,263522.2902202228
2002,207886.59700078933
2003,274533.75927131675
2004,252492.39417064347
2005,223469.60097684912
2006,227703.56048933684
2007,264765.3073678023
2008,204496.46989132697
2009,189809.32226670833
2010,193126.04048858426
2011,142371.62867318664
2012,177712.72948438526
2013,183398.92012934346
2014,182244.7340564273
2015,191429.7630484978
2016,193956.78500918124
2017,205352.55147920141
2018,128104.26904687473
2019,128360.04697962888
2020,110552.99986949142
2021,110980.56960810733
2022,209438.83283664237
2023,131795.8449974914
2024,266497.4095832553
2025,357584.45987618645
2026,185657.06218616373
2027,141882.7734814934
2028,160322.13765598924
2029,161958.4667818384
2030,266223.58356865216
2031,235271.92022972368
2032,240886.73100636207
2033,253052.91662092926
2034,159170.602792269
2035,220884.9179958863
2036,170725.4104400969
2037,160821.9360679868
2038,308865.3604749645
2039,192418.58797127343
2040,414116.5373688908
2041,301818.2063082348
2042,204095.0586099391
2043,169705.76530250476
2044,189886.77663454216
2045,216165.96785332257
2046,124516.06067693976
2047,143121.1291335215
2048,135237.03574781548
2049,136245.26286287128
2050,175669.56695391124
2051,125937.0748164843
2052,137632.49629913582
2053,145089.822904113
2054,85681.51917659187
2055,159394.62804398048
2056,154794.37285632134
2057,123503.91994737886
2058,198420.39525841683
2059,130238.06589387012
2060,159578.14703183
2061,170407.28444993394
2062,131980.2040710431
2063,113505.18790416083
2064,130362.29099795435
2065,117250.9277487799
2066,201278.9874324979
2067,132517.15145739255
2068,129883.658106495
2069,98097.29471584328
2070,114553.55193176889
2071,92571.26118810727
2072,141855.91297495834
2073,143167.59979403124
2074,192150.4961508201
2075,129103.23116004845
2076,134836.8608901278
2077,144495.68058983353
2078,126255.84921881459
2079,138945.28017485043
2080,130204.80070628138
2081,122664.31111788718
2082,126333.95504788205
2083,131266.43442572234
2084,120365.65948355966
2085,127770.48271448047
2086,147225.00986037176
2087,130016.85602819204
2088,99108.20368543429
2089,75287.87070716484
2090,131369.3986081306
2091,103626.47320945657
2092,124620.69033572424
2093,133522.62678676084
2094,116678.89948587792
2095,145896.84307135452
2096,95000.80633446685
2097,97892.10341916257
2098,147037.0747050394
2099,66288.70939838867
2100,105570.15629926077
2101,105825.52466641378
2102,142818.97835073553
2103,102627.47002286561
2104,113491.71844295299
2105,115523.6282085814
2106,66012.67297174054
2107,212615.0493968224
2108,119533.42849375712
2109,118231.19086572126
2110,123089.35971812338
2111,171284.16634009976
2112,144234.6300035661
2113,120559.14707393051
2114,127161.61978500159
2115,155620.74663083555
2116,122805.97817580265
2117,142686.8624281629
2118,127612.48946398971
2119,121399.13377220155
2120,124153.45182090535
2121,101812.58681577856
2122,104145.90352995184
2123,103671.57890934538
2124,184125.18940548625
2125,119520.86919883301
2126,115786.2186476134
2127,133185.81465963018
2128,143188.1470617798
2129,103360.75005193647
2130,133527.72024355445
2131,134709.8568766342
2132,120384.74478260311
2133,120092.00841886758
2134,127560.09203355909
2135,102361.85859296175
2136,76801.07760465576
2137,118628.17970476393
2138,133621.49352197474
2139,140617.16868009482
2140,136280.70691197165
2141,149734.64409223132
2142,130236.47037012974
2143,142498.5302245341
2144,88634.04734385067
2145,135978.89750372246
2146,167298.49016065788
2147,198473.1099090894
2148,129445.26863957912
2149,154034.58562975933
2150,266425.41303024767
2151,120399.64421867466
2152,154435.08372849537
2153,147079.83059943066
2154,110279.8729163412
2155,126904.87601191096
2156,281610.3187655682
2157,218001.24712004466
2158,227573.76539471745
2159,215360.37296256074
2160,173445.7943141516
2161,264470.6280348107
2162,358846.95544102346
2163,363727.2580063336
2164,266278.549230209
2165,200829.1708734589
2166,153614.69257933658
2167,201636.3711713308
2168,201638.66320256775
2169,199697.7388598448
2170,219653.04700272228
2171,147184.89681913666
2172,148962.9121699766
2173,169597.78889514395
2174,235701.59165415814
2175,308363.09874276014
2176,268287.1223776204
2177,256025.59324666334
2178,214902.51599400013
2179,141600.30490055104
2180,189752.13905728873
2181,189949.14487407776
2182,218267.05478400545
2183,197262.96657209605
2184,122216.26275171105
2185,138872.40361319398
2186,133223.72779363964
2187,149049.79707334106
2188,152708.29537374643
2189,216440.88823087266
2190,106657.20812290494
2191,106657.20812290494
2192,89780.18724277524
2193,99008.22138887702
2194,116120.31507300992
2195,108383.34521117173
2196,114094.18138713184
2197,116091.72010823217
2198,179601.47580832674
2199,182582.40623649934
2200,145583.09105684317
2201,132703.12177642935
2202,194748.83031433786
2203,144718.65852107975
2204,171176.51675525418
2205,118392.77824324385
2206,145018.719416097
2207,240250.1222008354
2208,268870.69593283196
2209,210173.93030495316
2210,124672.41076507824
2211,116542.6143298171
2212,119882.01535144255
2213,109838.35416523993
2214,137126.59175407264
2215,110722.48653817513
2216,157592.0885464058
2217,98839.92038408322
2218,120970.83089719506
2219,101266.67104735677
2220,76549.17613347532
2221,267175.7964600917
2222,220303.13299422487
2223,242014.64018771023
2224,222691.54470480728
2225,144361.72823186242
2226,170042.5285253157
2227,206666.8677871258
2228,240950.73728913782
2229,232856.94823274564
2230,160062.4816425668
2231,210214.08467426157
2232,176554.2474133375
2233,167967.66177725175
2234,217589.8442938091
2235,194295.83848070216
2236,265599.3329107843
2237,320720.0890123198
2238,204784.17363996434
2239,132624.65431206897
2240,158623.5334099107
2241,136769.00794615364
2242,123750.99937435254
2243,136296.21562818903
2244,100570.36175830364
2245,94898.82777152387
2246,136327.4259514978
2247,98740.45007289443
2248,127069.18023683362
2249,124272.77107287664
2250,133399.26308420906
2251,94569.36965560977
2252,178517.19359324872
2253,161800.8017222444
2254,176068.6563417956
2255,185198.62510792003
2256,187508.73952813746
2257,226322.08391079
2258,172252.42048965782
2259,175115.69174107403
2260,149561.87976392414
2261,169696.57829781406
2262,196818.9603045108
2263,344969.5533282088
2264,525930.7758366093
2265,143224.6638579751
2266,281757.0782681834
2267,382354.34376936784
2268,423546.89653134136
2269,138367.49318914322
2270,184189.51843820437
2271,213939.1831637052
2272,196945.53737419093
2273,158377.94294188332
2274,163855.71116732122
2275,176495.41111910634
2276,189696.2688121539
2277,182082.70571678723
2278,142224.59089807683
2279,123554.93988510148
2280,119801.99081185773
2281,170927.40852334356
2282,172173.0155508222
2283,99534.06269697647
2284,108577.9550119476
2285,151422.53519490064
2286,124998.99743456411
2287,356493.10243548127
2288,284458.31320176984
2289,379153.5697103348
2290,431406.337890924
2291,343081.38653189066
2292,423308.53640465846
2293,473897.4523021969
2294,439234.60809246206
2295,418191.98710390524
2296,268261.1267558838
2297,317824.05716339743
2298,337675.03053786466
2299,436145.67845790944
2300,306802.6469244885
2301,265706.3739453801
2302,226740.1280483529
2303,250235.03639766882
2304,254965.86134833557
2305,197158.68774937856
2306,187314.3574307312
2307,176517.5920953066
2308,232892.6541386076
2309,271174.20982781757
2310,242059.30198666677
2311,189225.17995488484
2312,184547.74317193447
2313,178117.89134365373
2314,198923.36141240888
2315,176992.2794884319
2316,200716.3059362197
2317,167933.25189752723
2318,187324.52309049302
2319,192683.8155885834
2320,202027.20142153473
2321,256911.92613691575
2322,178355.45648723835
2323,173806.51559487477
2324,169161.143893765
2325,215906.32516732218
2326,167789.7725202081
2327,223406.6969570544
2328,225228.6157597852
2329,183215.59562473974
2330,176140.28768366706
2331,408442.92788837716
2332,497513.6526830077
2333,320391.32702431595
2334,260641.83285138704
2335,249472.9429496975
2336,348370.32629275287
2337,210893.20738237732
2338,244556.26888032747
2339,243711.42612082642
2340,366739.79700144567
2341,211194.04163272318
2342,228889.21200577175
2343,214694.83915205527
2344,220730.75619017787
2345,247967.50913747423
2346,228373.09259097313
2347,212312.4478064225
2348,237374.5284971327
2349,185889.6375146046
2350,252700.65342885125
2351,262665.5695441404
2352,264326.94608274545
2353,259951.2165945025
2354,148330.85356736917
2355,154310.64881168286
2356,150307.1450210163
2357,207301.95063751895
2358,198789.1240129158
2359,134743.2511570036
2360,116158.16431723152
2361,141788.34200267904
2362,276183.35785265826
2363,134936.8356332341
2364,160420.24997083363
2365,223026.21074284913
2366,198943.43904595444
2367,241926.05533118398
2368,197424.43540320525
2369,242639.67135962215
2370,165295.37071629093
2371,162933.5773272807
2372,176120.16467636076
2373,248656.48554012607
2374,305004.382224008
2375,249809.05774122832
2376,297474.7923398877
2377,371149.5984194813
2378,152202.74502926876
2379,210518.54647946835
2380,147503.35459489963
2381,156012.25633915898
2382,218783.80716917707
2383,205342.50605868737
2384,224097.69188803842
2385,166591.5649676005
2386,126071.08464406924
2387,139257.3151994918
2388,101907.85559798707
2389,134237.26121249198
2390,146297.4394705171
2391,152072.61940519433
2392,126569.50532428492
2393,168391.19779900648
2394,140744.89026086178
2395,201412.4790157832
2396,149297.22365078563
2397,194439.66163899418
2398,119696.02787158225
2399,55401.719108189514
2400,61002.92493157838
2401,114486.94398583326
2402,132826.63700143818
2403,127110.71989960002
2404,152316.00003338832
2405,161641.9743907803
2406,137967.73036716058
2407,124119.51078654124
2408,147930.34644953074
2409,139016.37254373217
2410,181357.9634630363
2411,120617.16356155196
2412,145321.45460694208
2413,133380.7477008412
2414,138719.67573152884
2415,126493.05664117797
2416,125173.7180462111
2417,135287.4487626142
2418,129501.52676272509
2419,113715.44499364613
2420,124222.48259574303
2421,149625.27134627392
2422,107369.9313956436
2423,112402.68413329992
2424,137757.34385929056
2425,205675.04259487175
2426,117843.82445508617
2427,123688.2678410951
2428,151909.7800663088
2429,122301.57097659036
2430,129606.47046256537
2431,103490.78724560428
2432,140040.34193574244
2433,141195.24920476583
2434,138496.97575691683
2435,152076.8533828097
2436,126048.44279366592
2437,112606.64680660157
2438,132674.98975334078
2439,118616.80603105505
2440,120075.06080543564
2441,104242.41411401956
2442,103741.15628627632
2443,148692.78073182932
2444,133848.94137351884
2445,96604.34908795118
2446,131573.78198576064
2447,172239.16236235824
2448,139799.88981633922
2449,114135.92389382394
2450,135295.40114318306
2451,122549.47552636411
2452,221101.3747800461
2453,112955.59192404339
2454,147657.94622348843
2455,118446.23279857551
2456,130896.86337535293
2457,124786.07149559821
2458,117178.04731920257
2459,116376.59384600862
2460,133419.58434930828
2461,128010.79999137687
2462,136811.204815432
2463,118698.68428949869
2464,171259.65750810064
2465,136797.56267798264
2466,110668.42914680975
2467,137939.28870233853
2468,88076.42975969429
2469,77073.53655651577
2470,197642.94396426374
2471,214754.1688822488
2472,170320.41746413396
2473,119242.60764286503
2474,84684.58048356371
2475,237600.00067219575
2476,121465.61124813868
2477,120461.45129235132
2478,150105.30124457527
2479,98815.23781940126
2480,137409.08625180903
2481,113286.66735319111
2482,122090.28052717884
2483,119307.70183616983
2484,120025.22678934882
2485,127947.1883857982
2486,143432.73739361277
2487,176332.90828028176
2488,155392.9125160817
2489,148989.9877658956
2490,150290.25184086722
2491,115215.3911876558
2492,214058.95037130397
2493,151721.85293902067
2494,142637.75248958525
2495,112667.37770266682
2496,297089.56525830453
2497,137637.96497852379
2498,116811.23378301282
2499,107616.66240825682
2500,126944.58706899085
2501,127847.73633701609
2502,135733.161126258
2503,101227.12068302312
2504,170913.7044812899
2505,218712.52418834643
2506,255654.05542283552
2507,279731.36476001056
2508,246844.77626586566
2509,213271.50969557106
2510,238932.20435477683
2511,193306.83822979336
2512,211538.61733535942
2513,217143.91871022258
2514,301710.88092939893
2515,147209.5835176644
2516,164291.67700362584
2517,146602.9280439318
2518,150223.74617260133
2519,222511.89419616977
2520,214940.93673226063
2521,200893.4325371857
2522,203713.4205375769
2523,130783.29836089392
2524,135730.33374465624
2525,151615.5187389445
2526,135326.81068339397
2527,117294.43108601279
2528,134081.5044232033
2529,131345.19138749887
2530,138442.47548507157
2531,217135.31625398152
2532,226910.67906686172
2533,203731.8503207475
2534,245751.5629641513
2535,287619.8549191137
2536,231857.2531220709
2537,214449.76136778214
2538,189516.37816409205
2539,188657.8368893506
2540,173598.1605170737
2541,185070.70361010928
2542,168901.2273627199
2543,125694.03270754409
2544,114921.05940289801
2545,132749.49807095196
2546,148226.94244090578
2547,130104.97933632132
2548,166019.91345473425
2549,141580.067806967
2550,349153.7917909462
2551,148060.78604237907
2552,125346.34037458966
2553,102400.0306237426
2554,115910.45332584599
2555,116851.30479665165
2556,99454.34757306296
2557,96924.23310845367
2558,165688.38421495826
2559,126007.86487118008
2560,154640.05481712206
2561,150497.7755820779
2562,157316.66073199554
2563,171588.37377260404
2564,194927.60719085595
2565,155193.0564664948
2566,157314.39012967667
2567,126853.18777422093
2568,191407.9250180529
2569,205711.2119734597
2570,124672.41076507824
2571,185145.63562137002
2572,164022.2309033585
2573,250763.79078670254
2574,306771.6125905301
2575,143327.3427630268
2576,127130.55090995676
2577,174297.37188959587
2578,104977.02827476637
2579,68729.01552396882
2580,131768.8283958288
2581,121221.10989119225
2582,118730.85216589272
2583,263062.8394549433
2584,174727.04866556483
2585,169029.84754052522
2586,198879.63839808237
2587,193886.18860552093
2588,148723.37002860892
2589,145820.187095215
2590,238831.37746879488
2591,254833.16382330685
2592,227387.7268648153
2593,238931.81487468764
2594,181281.67718987356
2595,195418.80067392104
2596,311771.6632964747
2597,203046.29516016383
2598,263325.63763330923
2599,350807.1657849867
2600,185929.29879258588
2601,151861.53867256758
2602,77857.01380905975
2603,87847.25306221293
2604,73605.29650847796
2605,80394.07774235716
2606,151889.54203958184
2607,178625.66632417656
2608,203480.72553688037
2609,167889.44337998037
2610,114438.09667267394
2611,114496.83053994969
2612,143367.5819987089
2613,129158.8073739429
2614,126258.04763199427
2615,145870.62460508334
2616,138658.06855565464
2617,185823.16086409806
2618,172443.4148207932
2619,223177.27428616196
2620,174004.45644715056
2621,191871.84106661213
2622,205240.54774596507
2623,252398.0645614491
2624,290367.24159607885
2625,309514.3994065865
2626,160185.04428759177
2627,170675.6564540027
2628,428361.4167663191
2629,501460.02063558897
2630,376636.96201152314
2631,474774.26489001804
2632,420575.49209435104
2633,295261.8597199792
2634,375925.48085880117
2635,165548.69837257915
2636,197347.6676689426
2637,172712.64853262866
2638,270154.8484761945
2639,173261.74101905926
2640,147915.19326049526
2641,104176.65871502766
2642,174703.0325217176
2643,102029.03515908038
2644,132381.83375752295
2645,109826.72667255036
2646,96537.76171181982
2647,95418.32044289919
2648,133523.5304272753
2649,160667.04975155464
2650,151253.22058380835
2651,138454.42542377114
2652,423566.3684503152
2653,284821.331664778
2654,241212.91192297344
2655,361002.55858974974
2656,348331.4756888632
2657,310774.07306374016
2658,283024.9648989213
2659,315057.26957693964
2660,334133.0951522061
2661,324781.7621308295
2662,333952.1905751404
2663,271531.114207468
2664,269770.7594989009
2665,351953.1472502934
2666,304107.0460650026
2667,174005.77677253218
2668,191090.1087798518
2669,186309.82831199604
2670,304453.9701978038
2671,191090.1087798518
2672,184496.65223648582
2673,197205.76251435681
2674,199901.55995477946
2675,174409.4664556249
2676,189617.2704824185
2677,198364.27475293877
2678,264818.627017763
2679,295350.943956155
2680,298369.0578478392
2681,426657.66190617566
2682,340506.5264195667
2683,599180.0278123178
2684,316317.7301479496
2685,358805.51005099114
2686,251170.57247166632
2687,267741.65822186694
2688,239553.11723458458
2689,220805.5941981707
2690,410892.81835117954
2691,198174.38648584325
2692,141827.99116248038
2693,202724.98552332207
2694,148879.2164646017
2695,192279.76630926857
2696,187377.59209050602
2697,210483.14148833434
2698,191725.40427339307
2699,171980.88842142912
2700,161498.50777816607
2701,155143.99804304613
2702,115774.95919734145
2703,153974.28469524012
2704,144736.36066918733
2705,124527.78430337101
2706,119586.4243567934
2707,125137.75202831031
2708,130078.92826734653
2709,112502.49022141802
2710,126496.12682011248
2711,295476.6919593735
2712,402239.2966852048
2713,186735.0680750983
2714,144781.07608706443
2715,164971.43322467688
2716,153267.097434342
2717,202789.16229135485
2718,244901.0837357907
2719,149108.87544707535
2720,174920.76499854733
2721,137976.4062699016
2722,161469.71919221838
2723,155579.88187988786
2724,124782.23740390164
2725,129631.1166271928
2726,146650.45792429862
2727,174730.49219722993
2728,171691.6349990377
2729,155473.2296861737
2730,146111.7862562454
2731,118314.82354164272
2732,131730.9137645221
2733,159681.82526039451
2734,148715.25648388165
2735,130385.76925311322
2736,146932.296507284
2737,120644.1110664616
2738,132411.7864177627
2739,163576.12638460984
2740,151695.05044671457
2741,146519.64298240235
2742,163125.0362734983
2743,145448.81865975136
2744,143738.61054213994
2745,143356.75638089437
2746,126324.83592132025
2747,161457.9438337174
2748,140544.6732863944
2749,124313.92518158056
2750,128901.81676121581
2751,113568.77452759989
2752,216463.67139976477
2753,149909.81740049526
2754,198714.4798940123
2755,133467.17273060355
2756,89745.01248157452
2757,67755.13687968517
2758,83236.39543398001
2759,153553.6121634577
2760,122957.52312916782
2761,141370.41420387715
2762,141807.6092894579
2763,184891.56633333064
2764,177173.33185079612
2765,251128.1579122843
2766,129928.05013917791
2767,96432.50858378843
2768,126310.11958770898
2769,121560.7042438968
2770,145161.28547368752
2771,119990.82291228851
2772,118239.6584139865
2773,145164.11597729928
2774,136047.18083932257
2775,129159.2537700143
2776,133844.17148739443
2777,145745.34199296002
2778,119796.04734532753
2779,124876.81286791146
2780,99925.95477082806
2781,101810.49841151352
2782,96547.08509010523
2783,86986.22505178797
2784,124884.56198572865
2785,138354.85235548945
2786,60818.90703714457
2787,118584.29718723496
2788,68871.29028821117
2789,157214.09457421547
2790,98722.47078442654
2791,119287.76144719869
2792,74722.6130581641
2793,173813.428264236
2794,93135.8197966096
2795,125383.49679013988
2796,88923.55024234043
2797,192671.85054766227
2798,116263.11924706379
2799,128996.86649214537
2800,72476.51486978185
2801,107028.13533062552
2802,125802.62349533958
2803,140397.33537836018
2804,157652.97390779614
2805,122619.05195378434
2806,77573.65744022997
2807,152258.19965899104
2808,142471.21107201267
2809,136594.3490332677
2810,133284.56794414762
2811,154071.49167711235
2812,138561.75714936087
2813,166588.98741904207
2814,160964.4595631379
2815,103570.91047455295
2816,290092.2726597033
2817,176645.8143862527
2818,129932.60809836088
2819,139996.82975810335
2820,146647.41604242104
2821,112227.29148585172
2822,195076.49362122267
2823,267835.504975152
2824,172441.10184417412
2825,174161.82335727446
2826,135605.99969884506
2827,137902.69340709486
2828,224253.75672004317
2829,195295.54612344093
2830,221059.73134998235
2831,192093.66317352932
2832,211327.9635862798
2833,246826.99292986596
2834,207107.60213104205
2835,219485.20081055426
2836,194297.41735210194
2837,163322.18866513335
2838,166075.08452078313
2839,168893.12621742545
2840,198629.52692277543
2841,208764.9520788446
2842,208991.02669211297
2843,145831.36501502458
2844,146147.1311701444
2845,133904.15714019307
2846,210145.9463587869
2847,200365.27340900296
2848,199999.39957768863
2849,220909.76285448426
2850,265866.1769274175
2851,222972.9787341898
2852,214677.61959028948
2853,224470.9558063594
2854,139153.71803873073
2855,197687.33414222652
2856,207542.07010524735
2857,193879.36719994104
2858,187419.0559546938
2859,110940.24655881684
2860,117760.36639509586
2861,115555.2837515246
2862,190324.88670422832
2863,121443.50081994358
2864,214673.1254300851
2865,156571.7148853064
2866,138282.1355623682
2867,101538.15898464399
2868,90566.56381248825
2869,119003.6144264598
2870,129634.48237703327
2871,84434.35954574664
2872,46817.415876167186
2873,110498.01842166831
2874,137998.314694161
2875,124644.9810608789
2876,183575.73038065957
2877,147924.05498416256
2878,191574.96557976352
2879,143502.54741292642
2880,110460.51491285935
2881,140640.72864443087
2882,163643.55975735796
2883,201611.35359309867
2884,200855.80841357258
2885,197454.5475772463
2886,234592.09198045093
2887,109097.88553076019
2888,133489.97474857664
2889,54103.158692842655
2890,78631.14761958653
2891,133065.04473019936
2892,76222.27000846574
2893,113148.32363873393
2894,69667.1166967614
2895,278057.13929844764
2896,254789.19039822934
2897,201646.30606722683
2898,149336.8850353385
2899,222395.84326308186
2900,151310.10965405824
2901,203707.94295226262
2902,173301.830365807
2903,375220.8500898727
2904,355089.9170761557
2905,115529.21070443121
2906,204896.16424896943
2907,114477.0928932433
2908,129061.17193266907
2909,147765.0434550712
2910,75875.5184366795
2911,75560.27940249025
2912,148137.81606155646
2913,75695.78255153142
2914,70531.59091657498
2915,84329.90162535015
2916,75338.5008511446
2917,162054.91005522053
2918,127540.71081886125
2919,212710.83642871826
